100
2 3 2
1 1 1
2 1 1
2 1 2
3 2 3
2 59 1
18 9 11
10 18 1
49 10 38
4 2 1
4 1 4
59 7 25
100 3 34
3 3 1
42 9 7
20 1 20
1 3 1
4 4 1
3 4 1
33 4 28
43 11 4
4 2 2
10 5 2
41 5 8
100 9 12
80 8 9
100 5 19
14 4 10
100 4 24
2 39 1
21 9 13
2 6 1
100 3 33
4 1 3
43 1 42
9 8 3
17 5 1
4 3 1
49 8 9
3 21 1
93 3 55
1 2 1
27 7 23
4 6 3
20 8 17
100 4 25
25 2 2
14 7 2
3 1 2
80 8 10
2 53 2
100 2 50
85 8 71
3 15 3
7 18 1
19 14 17
14 7 1
62 6 56
1 100 1
2 3 1
73 8 65
47 1 37
2 4 1
51 3 40
4 3 2
100 2 49
3 6 1
47 10 42
1 5 1
1 52 1
74 4 41
100 1 1
30 9 2
98 6 48
54 10 16
63 5 23
16 7 11
3 2 1
3 37 1
5 1 1
100 1 99
20 1 19
23 10 14
20 13 1
2 2 1
37 6 2
100 1 100
20 13 2
43 11 3
100 5 20
18 1 2
100 9 11
51 9 15
1 4 1
43 1 43
4 29 1
18 6 12
3 1 3
3 2 2
10 5 1
